Possibly created by xnastudio in his early configuration:

with config: Windows 10 , Intel Core i3-4000M CPU @ 2.40GHz 4.G RAM 
LISP SBCL 1.3.3

--------------------------------------------------------------------

Evaluation took:
0.093 seconds of real time
0.093750 seconds of total run time (0.093750 user, 0.000000 system)
101.08% CPU
222,074,124 processor cycles
2,031,616 bytes consed

BASE:16 ANSWER:1794

(10 6 4 14 5 8 11 9)
(14 11 4 12 9 15 7 2)
(9 15 4 8 5 7 11 10)
(6 9 3 13 2 12 14 5)
(11 14 8 12 3 2 13 15)
(14 5 10 12 3 9 13 8)
(11 10 9 6 2 4 14 13)
(14 9 8 7 6 2 10 15)
(10 13 5 15 4 14 12 3)
(7 13 2 10 5 3 11 14)
(12 15 3 4 9 11 7 6)
(10 0 6 4 3 12 13 5)
(8 11 5 9 3 2 13 15)
(15 3 9 12 5 7 11 10)
(14 3 7 4 6 15 10 2)
(14 15 3 8 11 7 5 10)
(7 10 4 15 2 11 14 6)
(13 5 3 10 9 11 7 6)
(7 3 4 8 2 11 14 6)
(12 3 6 15 5 4 11 13)
(7 5 4 10 2 11 14 6)
(12 2 6 4 5 14 11 3)
(14 0 2 7 11 9 5 8)
(7 14 3 8 4 6 12 11)
(9 11 2 13 6 14 10 3)
(13 9 7 4 6 5 10 12)
(13 10 3 14 9 12 7 5)
(8 3 5 9 2 10 14 7)
(15 0 5 12 9 4 7 13)
(8 4 5 9 2 11 14 6)
(9 14 6 12 3 2 13 15)
(10 3 2 15 7 4 9 13)
(10 4 7 9 2 11 14 6)
(13 15 11 6 2 9 14 8)
(14 0 3 12 10 4 6 13)
(10 15 8 4 2 11 14 6)
(15 8 2 10 12 14 4 3)
(15 11 5 3 10 8 6 9)
(7 11 4 6 3 5 13 12)
(12 0 8 6 3 10 13 7)
(10 11 2 13 7 14 9 3)
(11 9 8 15 2 10 14 7)
(12 11 5 13 6 14 10 3)
(12 8 9 2 3 6 13 11)
(10 14 7 9 3 5 13 12)
(13 8 7 9 5 15 11 2)
(10 12 2 15 7 13 9 4)
(13 11 6 8 7 3 9 14)
(15 3 8 7 6 12 10 5)
(11 10 7 8 4 2 12 15)

++++++++++++++++++++++++++++++++++++++++++++++++++ 
Evaluation took:
8.537 seconds of real time
8.468750 seconds of total run time (8.453125 user, 0.015625 system)
99.20% CPU
20,439,280,922 processor cycles
92,798,976 bytes consed

BASE:28 ANSWER:73812

(24 3 10 20 13 11 15 18)
(26 21 17 27 8 22 20 7)
(25 8 4 3 21 5 7 24)
(17 22 13 8 4 14 24 15)
(13 22 5 16 8 6 20 23)
(15 14 6 3 9 11 19 18)
(26 3 15 22 10 9 18 20)
(21 9 3 5 18 4 10 25)
(14 27 2 20 12 7 16 22)
(25 14 16 6 9 8 19 21)
(20 9 3 10 16 27 12 2)
(9 13 5 10 4 3 24 26)
(12 2 6 11 5 19 23 10)
(25 5 6 26 18 7 10 22)
(24 5 8 11 15 22 13 7)
(22 10 2 25 19 13 9 16)
(27 11 8 5 19 6 9 23)
(22 18 7 12 15 6 13 23)
(18 24 15 2 3 22 25 7)
(18 10 5 23 12 15 16 14)
(27 26 15 7 12 19 16 10)
(13 18 4 27 8 19 20 10)
(18 19 9 24 8 23 20 6)
(14 23 10 11 4 12 24 17)
(27 21 3 12 24 9 4 20)
(21 7 4 11 16 24 12 5)
(10 14 6 24 3 18 25 11)
(17 11 9 26 7 13 21 16)
(25 21 16 4 9 17 19 12)
(11 15 7 20 3 23 25 6)
(15 6 11 18 3 16 25 13)
(9 14 3 26 5 16 23 13)
(26 11 6 25 19 14 9 15)
(23 18 2 27 20 19 8 10)
(24 15 17 11 7 4 21 25)
(26 12 19 25 6 15 22 14)
(26 23 8 3 18 20 10 9)
(21 6 3 9 17 25 11 4)
(20 0 17 12 2 16 26 13)
(16 9 12 26 3 11 25 18)
(26 23 16 6 10 17 18 12)
(19 20 9 3 10 17 18 12)
(27 21 17 8 10 13 18 16)
(18 9 14 2 4 7 24 22)
(13 10 4 24 8 14 20 15)
(23 9 11 5 12 4 16 25)
(13 21 10 12 3 9 25 20)
(25 15 18 3 7 12 21 17)
(14 18 5 24 8 22 20 7)
(25 7 13 15 11 20 17 9)

++++++++++++++++++++++++++++++++++++++++++++++++++ 
Evaluation took:
35.526 seconds of real time
35.250000 seconds of total run time (35.187500 user, 0.062500 system)
[ Run times consist of 0.110 seconds GC time, and 35.140 seconds non-GC time. ]
99.22% CPU
85,067,662,722 processor cycles
302,806,656 bytes consed

BASE:34 ANSWER:214033

(24 17 18 14 6 3 28 32)
(25 15 14 13 11 2 23 33)
(25 32 2 4 23 28 11 7)
(28 29 26 15 2 14 32 21)
(29 2 25 28 3 8 31 27)
(23 20 17 9 6 11 28 24)
(20 28 18 9 2 19 32 16)
(7 15 5 11 2 4 32 31)
(24 4 9 28 14 10 20 25)
(27 26 24 19 3 7 31 28)
(13 9 8 31 4 12 30 23)
(26 15 14 13 12 2 22 33)
(17 28 9 15 8 13 26 22)
(25 29 10 32 14 31 20 4)
(23 0 15 32 7 2 27 33)
(21 5 6 27 14 12 20 23)
(18 28 4 9 14 19 20 16)
(29 30 26 14 3 16 31 19)
(30 25 10 3 20 22 14 13)
(30 16 8 26 21 24 13 11)
(16 5 3 19 12 20 22 15)
(10 29 2 16 8 13 26 22)
(33 29 18 16 15 13 19 22)
(33 21 26 6 7 15 27 20)
(24 20 19 26 4 28 30 7)
(29 10 15 2 14 8 20 27)
(25 15 14 2 11 13 23 22)
(12 9 8 14 3 29 31 6)
(19 14 16 5 3 9 31 26)
(29 14 20 6 9 8 25 27)
(29 25 17 27 11 32 23 3)
(22 26 7 21 15 5 19 30)
(18 19 4 30 13 23 21 12)
(31 4 16 28 14 10 20 25)
(23 19 18 10 5 9 29 26)
(22 0 12 15 9 19 25 16)
(10 29 3 30 6 33 28 2)
(31 28 24 5 7 23 27 12)
(31 32 17 5 14 27 20 8)
(22 7 3 17 18 24 16 11)
(26 27 2 12 24 15 10 20)
(16 15 9 13 7 2 27 33)
(31 8 7 26 23 16 11 19)
(29 22 23 8 6 14 28 21)
(19 0 6 9 12 25 22 10)
(19 20 3 12 16 8 18 27)
(17 3 12 16 4 21 30 14)
(29 13 17 28 11 19 23 16)
(11 15 7 13 4 2 30 33)
(15 20 7 2 8 18 26 17)

++++++++++++++++++++++++++++++++++++++++++++++++++