w4-func-try1.lisp.output.txt (up to 17)

$ sbcl --script /Volumes/ESD-USB/e\=sbcl.src/w4-func-try1.lisp 
Evaluation took:
  502.353 seconds of real time
  500.286577 seconds of total run time (499.313071 user, 0.973506 system)
  [ Run times consist of 0.462 seconds GC time, and 499.825 seconds non-GC time. ]
  99.59% CPU
  1,004,676,168,220 processor cycles
  8,415,201,024 bytes consed
  
BASE:17 answer:1430


1: (15 13 4 10 7 0 6 11 8 12 14 16 9 5 3 2)
2: (12 0 13 8 4 5 15 9 7 11 14 16 10 6 3 2)
3: (13 4 15 8 7 10 0 9 5 11 14 16 12 6 3 2)
4: (10 7 15 8 4 13 0 9 5 11 14 16 12 6 3 2)
5: (12 11 13 5 4 0 15 6 8 10 14 16 9 7 3 2)
6: (11 5 15 8 6 12 0 9 4 10 14 16 13 7 3 2)
7: (15 10 5 12 4 0 7 13 11 9 14 16 6 8 3 2)
8: (11 6 13 8 4 0 15 9 7 5 14 16 10 12 3 2)
9: (15 0 5 10 6 12 7 11 8 4 14 16 9 13 3 2)
10: (15 5 10 7 9 0 12 8 6 4 14 16 11 13 3 2)
11: (15 0 5 9 8 12 7 10 6 4 14 16 11 13 3 2)
12: (11 15 7 8 6 0 10 9 5 14 13 16 12 3 4 2)
13: (14 11 0 8 6 15 3 9 7 12 13 16 10 5 4 2)
14: (14 0 12 8 3 5 15 9 10 11 13 16 7 6 4 2)
15: (12 0 7 14 3 5 10 15 8 11 13 16 9 6 4 2)
16: (15 5 14 8 3 12 0 9 11 10 13 16 6 7 4 2)
17: (8 11 6 14 3 0 9 15 5 10 13 16 12 7 4 2)
18: (9 0 8 14 3 6 11 15 5 10 13 16 12 7 4 2)
19: (15 10 11 6 3 0 14 7 12 9 13 16 5 8 4 2)
20: (15 11 14 6 10 3 0 7 5 8 13 16 12 9 4 2)
21: (15 5 0 11 6 14 3 12 8 7 13 16 9 10 4 2)
22: (14 6 0 11 5 15 3 12 8 7 13 16 9 10 4 2)
23: (15 9 14 7 10 3 0 8 5 6 13 16 12 11 4 2)
24: (15 14 0 8 10 7 3 9 5 6 13 16 12 11 4 2)
25: (9 0 12 7 5 10 15 8 3 6 13 16 14 11 4 2)
26: (15 7 5 9 12 0 8 10 3 6 13 16 14 11 4 2)
27: (8 7 12 9 5 0 15 10 3 6 13 16 14 11 4 2)
28: (11 15 14 6 3 10 0 7 8 5 13 16 9 12 4 2)
29: (11 6 7 14 3 0 10 15 8 5 13 16 9 12 4 2)
30: (9 15 14 7 3 10 0 8 6 5 13 16 11 12 4 2)
31: (15 4 13 10 6 7 0 11 8 14 12 16 9 3 5 2)
32: (10 15 9 7 4 0 13 8 6 14 12 16 11 3 5 2)
33: (15 4 13 9 8 7 0 10 6 14 12 16 11 3 5 2)
34: (13 15 4 9 7 0 8 10 6 14 12 16 11 3 5 2)
35: (11 15 6 8 7 0 10 9 4 14 12 16 13 3 5 2)
36: (10 15 7 8 6 0 11 9 4 14 12 16 13 3 5 2)
37: (15 14 3 10 6 0 7 11 9 13 12 16 8 4 5 2)
38: (14 0 11 8 6 3 15 9 7 13 12 16 10 4 5 2)
39: (13 10 0 7 9 15 4 8 3 11 12 16 14 6 5 2)
40: (10 15 13 8 7 4 0 9 3 11 12 16 14 6 5 2)
41: (15 3 0 13 8 9 4 14 6 10 12 16 11 7 5 2)
42: (15 10 3 13 4 0 7 14 11 9 12 16 6 8 5 2)
43: (11 6 0 14 3 13 4 15 7 9 12 16 10 8 5 2)
44: (7 15 13 10 4 6 0 11 3 9 12 16 14 8 5 2)
45: (10 7 0 13 3 15 4 14 6 8 12 16 11 9 5 2)
46: (15 4 13 8 3 14 0 9 11 7 12 16 6 10 5 2)
47: (15 0 4 13 3 9 8 14 11 7 12 16 6 10 5 2)
48: (15 11 0 13 6 3 4 14 9 7 12 16 8 10 5 2)
49: (15 3 13 8 4 14 0 9 10 6 12 16 7 11 5 2)
50: (14 4 13 8 3 15 0 9 10 6 12 16 7 11 5 2)

++++++++++++++++++++++++++++++++++++++++++++++++++


Evaluation took:
  229785.256 seconds of real time
  228358.412432 seconds of total run time (227895.255934 user, 463.156498 system)
  [ Run times consist of 192.762 seconds GC time, and 228165.651 seconds non-GC time. ]
  99.38% CPU
  459,554,898,527,923 processor cycles
  9 page faults
  2,260,934,587,392 bytes consed
  
BASE:21 answer:1595019


1: (19 12 9 6 5 15 11 7 13 17 18 20 8 4 3 2)
2: (19 11 10 6 5 14 12 7 13 17 18 20 8 4 3 2)
3: (19 9 14 6 5 12 16 7 13 17 18 20 8 4 3 2)
4: (19 12 14 6 5 15 16 7 13 17 18 20 8 4 3 2)
5: (19 12 14 9 5 15 16 10 13 17 18 20 8 4 3 2)
6: (19 12 7 10 5 15 9 11 13 17 18 20 8 4 3 2)
7: (19 6 12 10 5 9 14 11 13 17 18 20 8 4 3 2)
8: (19 6 14 10 5 9 16 11 13 17 18 20 8 4 3 2)
9: (19 9 14 10 5 12 16 11 13 17 18 20 8 4 3 2)
10: (19 12 14 10 5 15 16 11 13 17 18 20 8 4 3 2)
11: (19 6 14 11 5 9 16 12 13 17 18 20 8 4 3 2)
12: (19 7 14 11 5 10 16 12 13 17 18 20 8 4 3 2)
13: (19 7 9 14 5 10 11 15 13 17 18 20 8 4 3 2)
14: (19 6 10 14 5 9 12 15 13 17 18 20 8 4 3 2)
15: (19 11 7 15 5 14 9 16 13 17 18 20 8 4 3 2)
16: (19 7 9 15 5 10 11 16 13 17 18 20 8 4 3 2)
17: (19 6 10 15 5 9 12 16 13 17 18 20 8 4 3 2)
18: (19 11 10 15 5 14 12 16 13 17 18 20 8 4 3 2)
19: (19 6 12 15 5 9 14 16 13 17 18 20 8 4 3 2)
20: (19 7 12 15 5 10 14 16 13 17 18 20 8 4 3 2)
21: (19 11 13 7 6 14 15 8 12 17 18 20 9 4 3 2)
22: (19 10 14 7 6 13 16 8 12 17 18 20 9 4 3 2)
23: (19 13 5 10 6 16 7 11 12 17 18 20 9 4 3 2)
24: (19 5 13 10 6 8 15 11 12 17 18 20 9 4 3 2)
25: (19 5 14 10 6 8 16 11 12 17 18 20 9 4 3 2)
26: (19 8 5 13 6 11 7 14 12 17 18 20 9 4 3 2)
27: (19 8 5 14 6 11 7 15 12 17 18 20 9 4 3 2)
28: (19 10 5 14 6 13 7 15 12 17 18 20 9 4 3 2)
29: (19 13 5 14 6 16 7 15 12 17 18 20 9 4 3 2)
30: (19 13 8 14 6 16 10 15 12 17 18 20 9 4 3 2)
31: (19 5 11 14 6 8 13 15 12 17 18 20 9 4 3 2)
32: (19 7 11 14 6 10 13 15 12 17 18 20 9 4 3 2)
33: (19 8 5 15 6 11 7 16 12 17 18 20 9 4 3 2)
34: (19 10 5 15 6 13 7 16 12 17 18 20 9 4 3 2)
35: (19 11 5 15 6 14 7 16 12 17 18 20 9 4 3 2)
36: (19 11 8 15 6 14 10 16 12 17 18 20 9 4 3 2)
37: (19 5 11 15 6 8 13 16 12 17 18 20 9 4 3 2)
38: (19 7 11 15 6 10 13 16 12 17 18 20 9 4 3 2)
39: (19 13 12 5 7 16 14 6 11 17 18 20 10 4 3 2)
40: (19 9 13 5 7 12 15 6 11 17 18 20 10 4 3 2)
41: (19 9 14 5 7 12 16 6 11 17 18 20 10 4 3 2)
42: (19 12 14 5 7 15 16 6 11 17 18 20 10 4 3 2)
43: (19 13 12 8 7 16 14 9 11 17 18 20 10 4 3 2)
44: (19 12 14 8 7 15 16 9 11 17 18 20 10 4 3 2)
45: (19 5 14 12 7 8 16 13 11 17 18 20 10 4 3 2)
46: (19 6 14 12 7 9 16 13 11 17 18 20 10 4 3 2)
47: (19 9 6 13 7 12 8 14 11 17 18 20 10 4 3 2)
48: (19 12 6 13 7 15 8 14 11 17 18 20 10 4 3 2)
49: (19 9 6 14 7 12 8 15 11 17 18 20 10 4 3 2)
50: (19 13 6 14 7 16 8 15 11 17 18 20 10 4 3 2)

++++++++++++++++++++++++++++++++++++++++++++++++++

